#label x_coordinate y_coordinate
0 10.10650142697312 22.068103669206756
1 29.834938425186007 24.973189649440158
1 18.95332155826172 3.205391229633819
0 3.020021476285594 15.718305927847133
0 5.519298323846325 15.56669633406543
1 28.38099727802494 12.645408550061827
0 12.474810307760496 13.447311081813933
0 0.043966780356988755 19.168202898836455
0 9.300375917195753 21.69200693780721
1 19.18388803912666 15.340031503054124
1 24.811588798081882 13.00032471588375
1 20.473927879148665 12.254798562945812
0 16.61178791817451 24.4309634400793
1 26.72396400608524 28.1159321240228
1 17.74042178411393 15.481821752963443
1 18.31904169452845 11.384700784915822
0 12.79593150780599 25.99813094225202
0 6.662449426096307 13.188626597634402
0 12.345447924862826 15.5019543255624
1 29.519987932646938 8.246169540681269
1 23.435092472646257 26.055298563480495
1 25.04575765773425 12.64328207320124
0 7.5867055939291115 15.021777372939471
0 0.9354253185847117 0.8233909486469482
0 14.043525097534076 29.76824037559806
1 18.673722913947866 24.39918237866583
0 14.420143605982883 20.63655974884857
1 23.85692658371363 9.147577982229716
1 16.081390312238636 2.7411973380487966
0 6.038374432048585 21.42476224747393