#label x_coordinate y_coordinate
0 7.424713543220615 9.141533935838526
0 11.416645181873442 8.429728200973836
0 10.373676565481984 21.33972903208067
1 28.072666509182646 6.225056527174296
0 11.176484400656618 5.525007884796337
0 8.093721463169544 9.455936795507911
1 16.610447725703153 2.671269538936486
0 6.796855384283479 29.995138767473936
0 13.649356095030715 23.33769627168892
0 7.944480581690994 7.167304111286949
0 5.950672531537064 6.903418678827686
1 22.757182555747068 2.99488121585914
0 8.468512484570315 25.63432108824606
1 16.81430952736601 5.527417778282983
0 9.717257286864966 7.67650087117835
1 23.759276611882587 1.0095362277961784
1 26.154534242023423 10.17894291563173
1 18.128452226510905 19.803567945329146
0 14.972999125614033 28.567623474681866
0 5.886418012799703 3.2715825213724314
1 21.299434437030964 2.285951484613693
1 22.385900517766732 28.03284097441607
0 1.3155053068612288 3.6836557898296505
1 25.952361005915346 14.895230618537974
0 0.2510272704884231 0.3063981317422204
0 3.099690624944531 24.363195532764045
1 24.001786872643507 26.70057530505328
0 13.262594955541537 14.086489840271968
1 25.99292331163469 10.030639054117268
1 29.978921964567558 15.448291696292282
0 2.135465233719457 7.587881532484793
1 24.552452426006138 17.38473764253118
0 1.7822459117964096 26.104667165013584
1 26.64201715987506 26.08097384494353
0 2.7156923830979265 4.019712772820153
0 8.08918855806504 15.113735251453855
1 22.80327914735172 9.774944448943968
0 6.766260370212208 24.863549806013324
1 26.03552965522008 1.456460808812794
1 20.886695609315417 1.9738006548460352
0 16.635322434059002 25.86320435728821
0 5.7227068756594655 22.63701732139729
0 7.061385846515254 2.8714173253298036
1 20.321100440583983 22.1589636095546
1 14.398392087662398 5.172466868356005
0 14.076185858584477 19.300938592223922
0 4.457321679689778 17.16858950827612
0 8.386763349406735 26.48187877423161
0 5.7734371184772915 27.941445869979173
0 2.5457603901359462 2.130865724624363
1 25.824928557357243 23.720984481875085
0 16.457131185202133 29.717310382283454
1 29.490147738206897 20.643079999256596
1 17.670459913307017 16.609690670504392
0 11.322596167294286 18.95723264003952
0 0.4209292235540829 6.400789155687006
0 5.734073415536148 17.315386658572617
0 17.28897670709463 21.82176973686523
0 9.813286135714261 12.593636370635203
1 27.667009709644503 25.14747254647562
1 21.225729720182606 10.679450409992363
0 11.373385838223971 5.415057405408017
1 28.542066227375358 25.490699935987784
1 26.992551618615696 23.138843946894234
0 1.5116822527408125 9.80866930757442
1 19.508417076703168 13.396118210278939
0 2.240963280937729 20.62069078834579
0 0.648770438969527 8.752659607329361
0 7.844364778769853 2.9888468225981946
0 6.523006478092347 25.805143513472142
0 12.357902553758215 12.693215348056405
1 29.19831064610777 1.5420160759475066
1 21.494699651026384 7.052296807271779
1 21.920636338589617 21.13310243393095
0 2.7763016914086123 19.23886030462442
1 14.272322815642164 9.83940669296627
1 25.741652595432726 16.047998549218423
1 24.779974734516262 4.9471552380095885
0 1.5044638630803309 21.195102036510455
1 17.60684289849154 21.69586461908233
1 19.273628131527683 22.6396274522237
0 15.468258678014664 29.251663484422746
0 12.125427103460149 19.25401013755707
0 15.627345362548496 18.51581572794516
1 21.435046433438913 0.35469566091587024
1 26.823255640269956 13.224894221754827
1 28.0792921044677 5.763985306593513
0 11.678649621790123 4.373069939909282
0 8.620781873157641 8.593607644360638
1 25.412026202170342 17.186863156190647
0 7.56408159570049 27.643722114241115
0 13.254779471198695 13.372235096010382
1 24.097731160540853 17.79768429245005
1 23.453365011373783 5.326575600665734
1 17.79187492176267 0.17101137425800994
0 9.956162878753371 10.764713341845084
1 17.89943995864559 3.9609058352615536
1 28.52230338446635 3.3430508228192646
0 8.17490571943647 23.54437357815054
1 26.409422699221654 26.142425044950627